7.732868596101316605e-01 8.330701359280395790e-01
4.493781927259759001e-01 5.070280590992408687e-01
3.385778870275067409e-01 3.954666056315204181e-01
2.826311743844170943e-01 3.391297579537133622e-01
2.488831255509390827e-01 3.051445206052889048e-01
2.263075024120817236e-01 2.824094577367916581e-01
2.101435919293145604e-01 2.661310098460897833e-01
1.979992647575394560e-01 2.539004192610916921e-01
1.885408212530706729e-01 2.443746665037632992e-01
1.809658729560335577e-01 2.367457339964587348e-01
1.747627176188969733e-01 2.304983186727661559e-01
1.695896286757753724e-01 2.252882835681325746e-01
1.652096842889775319e-01 2.208770323928481438e-01
1.614534678398273915e-01 2.170939422885305170e-01
1.581966486518554538e-01 2.138137482438813852e-01
1.553453768689124770e-01 2.109425864303796638e-01
1.527293246818267614e-01 2.082864277149699406e-01
1.483262809357135947e-01 2.043193790710851332e-01
1.163986252222981438e-01 1.712907733134929056e-01
2.342333134679631858e-03 2.524307540738269205e-03
0.000000000000000000e+00 0.000000000000000000e+00
0.000000000000000000e+00 0.000000000000000000e+00
0.000000000000000000e+00 0.000000000000000000e+00
0.000000000000000000e+00 0.000000000000000000e+00
0.000000000000000000e+00 0.000000000000000000e+00
0.000000000000000000e+00 0.000000000000000000e+00
0.000000000000000000e+00 0.000000000000000000e+00
0.000000000000000000e+00 0.000000000000000000e+00
0.000000000000000000e+00 0.000000000000000000e+00
0.000000000000000000e+00 0.000000000000000000e+00
0.000000000000000000e+00 0.000000000000000000e+00
0.000000000000000000e+00 0.000000000000000000e+00
0.000000000000000000e+00 0.000000000000000000e+00
0.000000000000000000e+00 0.000000000000000000e+00
0.000000000000000000e+00 0.000000000000000000e+00
0.000000000000000000e+00 0.000000000000000000e+00
0.000000000000000000e+00 0.000000000000000000e+00
0.000000000000000000e+00 0.000000000000000000e+00
0.000000000000000000e+00 0.000000000000000000e+00
0.000000000000000000e+00 0.000000000000000000e+00
0.000000000000000000e+00 0.000000000000000000e+00
0.000000000000000000e+00 0.000000000000000000e+00
0.000000000000000000e+00 0.000000000000000000e+00
0.000000000000000000e+00 0.000000000000000000e+00
0.000000000000000000e+00 0.000000000000000000e+00
0.000000000000000000e+00 0.000000000000000000e+00
0.000000000000000000e+00 0.000000000000000000e+00
0.000000000000000000e+00 0.000000000000000000e+00
0.000000000000000000e+00 0.000000000000000000e+00
0.000000000000000000e+00 0.000000000000000000e+00
